0.062	0.040489125	-0.01308351	0.01006395	-0.012291821	-0.028357059	-0.015176804	-0.019679945	-0.023382736	0.012683435	0.058586402	0.043746305	-0.008439514	0.047243912	0.004946546	-0.032864896	0.015124314	0.022959217	0.087144743	-0.004380854	0.064024444	0.085938382	0.08	0.064902223	0.143
0.059	0.037856919	-0.007580798	0.021263869	-0.003092842	-0.023396894	-0.014549011	-0.015441155	-0.018115838	-0.005570701	0.069521038	0.012290427	0.006628538	0.038758688	0.020743349	-0.019817572	0.014794644	0.018935921	0.11807464	0.016635614	0.0660682	0.131188613	0.08	0.065123477	0.141
0.058	0.022509481	0.000542671	0.018919427	-0.007764421	-0.006017587	-0.016703892	-0.012700839	-0.016874733	-0.017558422	0.081646312	0.004462324	0.008677404	0.089917527	0.038871277	-0.004587253	0.029149047	0.017989993	0.111129529	0.031504281	0.05795939	0.10966639	0.08	0.067379182	0.135
0.062	0.02874655	0.001180751	0.025316832	-0.004048589	-0.004773978	-0.007475638	-0.011666753	-0.004963401	-0.010101253	0.08553336	0.015492945	0.00431236	0.06975085	0.053402924	0.013651317	0.036581146	0.020683461	0.125323696	0.034007481	0.062364893	0.075800585	0.08	0.069164437	0.135
0.079	0.033990391	0.025510849	0.043567149	0.031094401	0.0128856	0.003748037	0.022950407	-0.002249426	-0.022502562	0.08592229	0.034447585	0.016938685	0.06019911	0.031001539	0.026643555	0.030078254	0.029918331	0.130708998	0.049344055	0.049743123	0.049147143	0.112508784	0.0694515	0.125
0.068	0.037919372	0.019941313	0.050225385	0.064280003	0.035090496	0.016164869	0.02107002	0.011634742	-0.005157348	0.088414562	0.063911468	0.01898763	0.062555176	0.051312977	0.010767571	0.040359236	0.037840316	0.100986946	0.059129677	0.071988438	0.061173256	0.092613207	0.070135385	0.12
0.046	0.052289413	0.017087875	0.065121831	0.045955455	0.03524699	0.023914958	0.02066158	0.026411771	0.01408692	0.09279576	0.064321549	0.019583005	0.042924768	0.024323747	0.013645424	0.038045371	0.035534446	0.115983792	0.062869611	0.069357222	0.101110162	0.050375024	0.06929842	0.12
0.052	0.031070896	0.023035197	0.067330679	0.055166411	0.057250918	0.029710713	0.028744144	0.034282614	0.005427073	0.117461165	0.066942185	0.032141251	0.047608971	0.027523562	0.013112375	0.04503644	0.035410696	0.092047012	0.062090843	0.07034696	0.134977749	0.093951561	0.076048787	0.126
0.037	0.008696091	0.025292696	0.050921204	0.048057177	0.068382369	0.027445901	0.016826182	0.025393855	0.003918574	0.115387516	0.043418145	0.027248813	0.022149924	0.065271948	-0.00491017	0.031924391	0.026520307	0.066012658	0.052228445	0.103778145	0.130363062	0.10677946	0.071103882	0.115
0.029	0.006773674	0.021849955	0.031525062	0.011953605	0.079265123	0.021707601	0.028714841	0.022611853	0.01534905	0.121888917	-0.059942821	0.028448495	0.023302692	0.039222341	-0.000607307	0.03579039	0.012289612	0.079019644	0.041677561	0.083251981	0.119140255	0.112030624	0.069214347	0.106
0.012	0.00302829	0.018319173	0.018179956	0.02080968	0.085121775	0.014151847	0.026246209	0.028763934	0.015939281	0.132273511	-0.079015292	0.037761187	0.030454873	0.044369247	-0.009705493	0.03183939	0.017521932	0.087518521	0.032848697	0.070873384	0.065084514	0.083972276	0.063416637	0.101
0.015	0.010981606	0.013456931	0.015165864	0.008303516	0.085290234	0.007562377	0.012738997	0.027091569	0.026233075	0.092350922	-0.067619265	0.034739149	0.03069211	0.035111291	-0.012893527	0.017692653	0.013191209	0.079929979	0.036557487	0.076905152	0.074478603	0.045678924	0.048751686	0.105
0.025	0.038182054	0.015387368	0.007820651	0.010101924	0.049421759	0.008411554	0.000539058	0.034349544	0.026878431	0.094771994	-0.055921859	0.021425367	0.040892883	0.064231019	-0.001841571	0.033937339	0.016644276	0.111705937	0.032691728	0.038864438	0.10384238	0.005896824	0.054663768	0.102
0.036	0.034520058	0.017335817	0.011510062	0.030858829	0.029333903	0.003447306	-0.001448213	0.01694126	0.02247066	0.072357561	0.022376847	0.031889828	0.035847488	0.06247909	0.006181178	0.036520069	0.03002029	0.087512571	0.046899963	0.066379801	0.092732028	0.049586283	0.059415465	0.097
0.047	0.036673187	0.013595447	0.021660071	0.040113213	0.017545131	0.008331483	-0.000206099	0.014924653	0.012732653	0.05540767	0.054118563	0.025962524	0.037665111	0.086662181	-0.001991582	0.040161587	0.027754079	0.043669451	0.074278551	0.08834065	0.09690417	0.060579891	0.059393111	0.094
0.059	0.038987448	0.004195063	0.024703528	0.025693668	0.020857018	0.00662265	0.004315525	0.004135717	0.021495101	0.057294044	0.05555995	0.026266427	0.025593405	0.093091836	-0.001819066	0.037069481	0.030190223	0.060471179	0.028699798	0.129307728	0.095856097	0.043259392	0.07015109	0.096
0.058	0.025748034	-0.001534697	0.035775364	0.029461837	0.054266962	0.004803411	0.006648675	0.005500302	0.025330317	0.03170797	0.028028429	0.045406458	0.005592703	0.053712455	-0.004651872	0.03831716	0.033215288	0.055836322	0.052474672	0.130338535	0.068247624	-0.006867101	0.063613158	0.094
0.072	0.051862568	-0.002021203	0.038687725	0.0398559	0.055035837	0.018440822	0.006054242	0.029754225	0.006163891	0.05336402	0.056594745	0.041410674	0.034571752	0.073912796	0.005536613	0.039479035	0.035988372	0.089873248	0.051604752	0.100465648	0.06503466	-0.024811621	0.060896649	0.095
0.061	0.05928891	0.016148099	0.036729108	0.017642381	0.072253713	0.022483595	-0.002864786	0.025613428	-0.00346344	0.047719189	0.03932801	0.045173264	0.033532163	0.049587339	0.024280012	0.04032491	0.041709459	0.104316594	0.03768199	0.113961304	0.07327511	-0.03598934	0.064956724	0.089
0.014	0.063420685	0.017984419	0.0380428	0.03139775	0.073819245	0.033565788	0.000127711	0.036127953	-0.011225041	0.05488339	0.041836754	0.054115731	0.018211482	0.047910697	0.030494367	0.048353637	0.038636537	0.069337893	0.05894723	0.071993689	0.105052074	-0.045058163	0.065702835	0.088
-0.032	0.062430177	0.030473691	0.033733727	0.033021095	0.07494442	0.043256898	0.022189243	0.026713652	-0.037047577	-0.028291378	0.071942732	0.048870128	0.018747105	0.007999274	0.040487268	0.047223408	0.042131057	0.026082442	0.018309548	0.129104251	0.043080731	-0.041647548	0.057225139	0.072
-0.061	0.039491858	0.032317629	0.028866186	-0.010453694	0.085745939	0.039632969	0.010151787	0.019890042	-0.030667042	-0.094909072	0.043571362	0.037919661	-0.017352612	0.003761194	0.035309884	0.041360687	0.032315919	-0.016480034	0.010905336	-0.003199045	-0.0204842	-0.141182742	0.049895882	0.07
-0.081	0.043181464	0.027196712	0.018947297	0.02242801	0.073973636	0.036534643	0.015577458	0.013835544	-0.018140731	-0.108108096	0.049928923	0.037527635	-0.019380177	-0.007978701	0.025482864	0.045809149	0.03165071	-0.042880406	0.008935778	-0.085406035	-0.05341627	-0.139601597	0.039404163	0.072
-0.065	0.035846256	0.022831631	0.022483978	0.01477213	0.057491169	0.031087347	0.009057211	0.01712591	-0.026572912	-0.114551782	0.012183241	0.027419936	0.026928593	-0.01652179	0.015011846	0.039859048	0.040041524	-0.020253879	-0.009510532	-0.160642884	-0.145889916	-0.081585851	0.032540552	0.078
-0.029	0.040899996	0.022420661	0.03785257	0.003396192	0.043853777	0.024459097	0.012833396	0.012470107	-0.013856981	0.007458419	-0.003817665	0.032389268	0.038890565	0.003396671	0.00612709	0.035512681	0.03784356	0.031149297	0.01564014	-0.195945703	-0.085261257	-0.068189315	0.046425014	0.083
0.005	0.038574985	0.028941363	0.048189992	0.029012985	0.024488765	0.023045797	0.012360672	0.011877243	-0.003746159	0.072648258	0.024232743	0.037503536	0.055414725	0.022323632	-0.005025436	0.03944164	0.037037852	0.068211974	0.041098479	-0.071362048	0.022742623	-0.00336661	0.065049369	0.076
0.039	0.026920092	0.038399996	0.063958385	0.010058184	0.031812036	0.026949211	0.017133279	0.017065058	-0.01438158	0.117399195	0.024181662	0.042164352	0.066648484	0.084775816	0.011326927	0.039239099	0.03471831	0.089711484	0.053023458	-0.014795235	0.058390438	0.04479968	0.047783895	0.074
0.083	0.03297373	0.038839519	0.064808811	0.026324545	0.039744576	0.031031525	0.023336932	0.019880951	-0.007076916	0.125923473	0.053241346	0.053575053	0.04101127	0.123958781	0.031112976	0.040825844	0.035377295	0.087188237	0.06136366	0.052130653	0.126366103	0.024073414	0.063896011	0.071
0.107	0.039596529	0.036271238	0.067251277	0.038574069	0.040860688	0.040201527	0.014567788	0.030316349	0.017714082	0.105816145	0.103715138	0.060761232	0.060542022	0.185684481	0.033385332	0.049522544	0.028335607	0.095852369	0.117985585	0.184236976	0.171468016	0.050799214	0.07698605	0.081
0.075	0.046876584	0.030074897	0.072955543	0.030016805	0.049907722	0.04084387	0.024026305	0.034473216	0.012408664	0.082337322	0.096315439	0.05964525	0.034375283	0.15893399	0.043154046	0.046534181	0.035570893	0.086742247	0.109919193	0.202799392	0.129321347	0.054830676	0.050742927	0.082
0.076	0.024391215	0.016178379	0.065640524	0.037173891	0.046138983	0.032336309	0.012354971	0.033131119	0.017866402	0.051854125	0.091217974	0.055389255	0.020759299	0.134925298	0.032836917	0.038264634	0.022754161	0.103831521	0.107863644	0.206566161	0.105891518	0.029734848	0.062556592	0.082
0.063	0.005838784	0.011539886	0.053217788	0.036737546	0.039393413	0.035590315	0.000387031	0.029593682	0.022577387	0.028516137	0.060445722	0.046784511	0.03254855	0.114690613	0.015631351	0.035624467	0.010894737	0.09664023	0.092376501	0.206786724	0.067812947	0.04196519	0.035074707	0.08
0.027	0.000732203	0.005441154	0.040560791	0.014247549	0.048968059	0.032272223	0.009609395	0.029250063	0.011066441	0.03457192	0.022440578	0.041545519	0.015890202	0.047596845	0.023107373	0.04070591	0.006540262	0.044885106	0.027668039	0.115513357	-0.006077476	0.028546476	0.00604108	0.081
0.015	-0.002025588	-0.005665725	0.007522337	0.007846387	0.031123158	0.018368607	-0.00304484	0.021218815	0.004616983	0.033580325	-0.006739162	0.030092004	0.054969338	0.041789475	0.009204748	0.030017895	-0.002529215	-0.007359081	0.026144858	0.126113137	-0.039040019	0.030258519	-0.031680916	0.079
-0.001	0.028212607	-0.004335946	-0.017121906	0.01250594	0.019187103	0.021664386	0.001214802	0.014313981	-0.008811536	0.029444975	-0.018054251	0.02333076	0.036681066	-0.006837184	-0.000601392	0.025048116	0.000703428	-0.068045134	0.030249639	0.064460886	-0.048593715	0.030496837	-0.047382226	0.076
-0.017	0.039982471	-0.000616657	-0.014710952	-0.00049339	0.013611011	0.011647254	0.016786478	0.01171309	-0.020385142	0.032666684	-0.022018848	0.017814843	0.049871839	-0.04528562	0.006773104	0.036088575	0.008620807	-0.064322097	0.037251147	0.031538988	-0.064756439	0.014515819	-0.014868587	0.073
-0.01	0.03867529	0.003416942	-0.011813972	-0.00188065	-0.002925243	0.008660264	-0.005115074	0.006507139	-0.017498575	0.06034927	-0.028404343	-5.79803E-05	0.050448679	-0.04280226	0.000546396	0.028365747	0.01819515	-0.005363067	0.039232891	-0.014847404	-0.010393871	0.048033017	0.01328333	0.076
0.005	0.040834838	0.010456725	0.013136681	0.014913679	0.012758558	0.019017914	-0.001795724	0.011429295	-0.011544514	0.067838217	0.038315957	0.003731768	0.011498967	-0.02080591	0.00296127	0.041971524	0.016095939	0.047382885	0.055258571	-0.037004602	0.044844131	0.050304522	0.047137118	0.078
0.028	0.032215477	0.012784331	0.029683299	0.002654192	0.016903446	0.018552572	0.008420323	0.016709274	0.004707936	0.063928644	0.036068989	0.011432329	0.048281147	-0.014044139	0.009928013	0.047137467	0.022163675	0.063217605	0.019080331	0.003776353	0.082524712	0.05393544	0.064971001	0.079
0.048	0.032584458	0.010514015	0.037841487	-0.001912172	0.02579329	0.015559641	-0.000354394	0.014300158	0.009126096	0.082951074	0.05542101	0.008563752	0.015707554	0.006212187	-0.002820451	0.036432913	0.013289041	0.057410509	0.074342932	0.002348844	0.121767751	0.061942656	0.055360433	0.08
0.041	0.026943378	0.007017912	0.033014231	0.005125017	-0.003767132	0.007973122	-0.002533963	0.005957261	-0.009650656	0.024600971	0.086989755	0.009876838	0.020537651	0.014059161	-0.007644297	0.037573027	0.007130461	0.030574852	0.064691866	0.029827132	0.120497403	0.062935112	0.035519292	0.099
-0.009	0.024647568	0.008199689	0.015919374	-0.018683318	0.006923411	0.005856956	0.000982494	0.001035277	0.001181611	0.016111843	0.027076707	0.00712277	0.040060397	-0.012477424	-0.003263337	0.040656159	0.017033929	-0.021944609	0.043078439	0.021107552	0.066025038	0.055036454	-0.002182844	0.082
0.038	0.039930774	0.005746135	0.025793217	-0.005911494	0.012721646	0.008426176	-0.000558271	0.009501416	0.000797645	0.021752313	0.039055252	-0.005198084	0.042209258	0.025473914	0.004631279	0.045143671	0.029984821	0.036523587	0.078100605	0.025726396	0.050059686	0.062450896	0.040149389	0.085
0.047	0.055290718	0.008809593	0.020631492	0.017165432	0.008593916	0.012428166	-0.001942541	0.002661124	0.010026317	0.025109938	0.052431428	0.004250249	0.054317111	0.030852725	0.012171244	0.052039382	0.038865454	0.074871045	0.047295464	0.023739413	0.078014661	0.075941212	0.061271432	0.091
0.077	0.05989317	0.013646583	0.027105462	0.028844029	0.049486168	0.015486534	0.009573193	0.019825695	0.027593339	0.043057355	0.05931818	0.010589546	0.066612795	0.069413626	0.031116663	0.044399322	0.045635719	0.084665027	0.06439665	0.025902978	0.09539261	0.054096856	0.076941123	0.098
0.12	0.057484912	0.017229607	0.048960033	0.037261725	0.042160267	0.017976832	0.00596597	0.023740403	0.017716038	0.048117549	0.090758314	0.015173029	0.068185557	0.089487998	0.030978618	0.048708737	0.041134306	0.117387085	0.079298418	0.050611964	0.133195678	0.070456498	0.08825136	0.097
0.066	0.046556414	0.024444017	0.050433716	0.036128162	0.039902229	0.014280823	-0.003891356	0.010862674	0.016593594	0.039261542	0.091318806	0.022815091	0.051118983	0.082078197	0.015899003	0.042342528	0.033754849	0.071035652	0.058730442	0.061428037	0.135315568	0.064354459	0.052321501	0.095
0.079	0.030096613	0.02429197	0.047816326	0.034328842	0.042251593	0.01874128	-0.010917142	0.016718293	0.002459338	0.020118634	0.078278488	0.019824127	0.040934983	0.101526182	0.01282584	0.040777813	0.030266981	0.06638691	0.044613861	0.096388238	0.096131245	0.070699456	0.024534666	0.095
0.062	0.031602373	0.023706961	0.039852612	0.020981267	0.025808121	0.023141644	-0.006108276	0.001654055	-0.001380556	0.001002505	0.046352756	0.021226259	0.015010459	0.082568784	0.000988211	0.033554581	0.033709494	0.036235487	0.03236994	0.094080409	0.078915734	0.050575774	0.021370159	0.105
0.071	0.045882628	0.025730498	0.03162305	0.052095245	0.017298066	0.018824099	-0.000536835	0.00673971	0.010182251	0.002856359	0.023975228	0.027282602	0.023873511	0.088191839	0.00565571	0.021442844	0.028465195	0.059124981	0.037329656	0.103475874	0.054562505	0.038451436	0.030643115	0.105
0.081	0.04553443	0.026474627	0.035747343	0.043741017	0.025926123	0.021581425	0.001897272	0.007175016	0.010886161	0.015429093	0.031832932	0.029114911	0.011341385	0.106851232	0.021343898	0.011351572	0.024817635	0.078946552	0.037029422	0.10469954	0.068517735	0.049963263	0.042729485	0.104
0.069	0.054982631	0.032616323	0.050333502	0.028752441	0.027938833	0.023968035	0.007968837	0.015251196	0.01894079	0.028249622	0.038414462	0.032864259	0.008914476	0.1002058	0.027786249	0.017170783	0.023995376	0.080030993	0.045503845	0.072814392	0.063078867	0.035448155	0.066583468	0.104
0.09	0.048066783	0.038320436	0.049475872	0.049316093	0.043948781	0.027027624	0.008847777	0.01768208	0.015202593	0.033213115	0.070146833	0.040600054	0.018647296	0.131180975	0.039038363	0.029646587	0.028241113	0.096518063	0.046005567	0.053086332	0.112993111	0.066224117	0.049955966	0.104
0.062	0.026981789	0.035103741	0.04119911	0.038801273	0.050649118	0.033462635	0.016911064	0.019596257	0.010000041	0.025253872	0.100337815	0.036385518	-0.009260945	0.096713895	0.035385211	0.025652908	0.026496487	0.076720708	0.036119644	0.043391357	0.116340287	0.054813474	0.049499434	0.11
0.064	0.032730877	0.03722008	0.031677015	0.041836013	0.044581552	0.030261134	0.023511433	0.011813292	0.005606123	0.019649646	0.083649017	0.034624141	0.011500795	0.071056006	0.04219592	0.040618501	0.022375661	0.067746589	0.043090604	0.054189414	0.110227803	0.048648424	0.052017616	0.108
0.066	0.038575452	0.038982379	0.020005097	0.029809159	0.046806281	0.034914679	0.033108151	0.012561183	0.015460435	0.014679614	0.058820876	0.042949323	0.036755714	0.03430307	0.042473193	0.032137244	0.032515148	0.063880195	0.048390839	0.080885353	0.100116283	0.042141693	0.039880348	0.111
0.055	0.058012895	0.036197655	0.030712058	0.033133515	0.047340215	0.032754948	0.035225081	0.025620895	0.023959317	0.03006762	0.038222216	0.033721417	0.039462476	0.00802016	0.046517008	0.0279462	0.017708359	0.063092249	0.065573174	0.095296906	0.039883922	0.049846026	0.041019256	0.111
0.062	0.059518707	0.032570252	0.039827091	-0.007168933	0.04680819	0.030354812	0.023897199	0.017251249	0.014192762	0.037897963	0.022226058	0.027530665	0.058293257	0.033556233	0.046338731	0.039619139	0.018755927	0.101376837	0.081891339	0.1109		0.080276298	0.051196739	0.05107325	0.1167
0.068	0.056648589	0.031558452	0.034741579	0.013516975	0.04564668	0.036748102	0.020773083	0.023338157	0.012906847	0.039380367	0.031162008	0.039287395	0.05114701	0.039770325	0.040958253	0.038681808	0.028224798	0.105562016	0.064358665	0.1101		0.093361157	0.05012558	0.066368862	0.1002
0.069	0.045824678	0.01909501	0.038128443	0.023794118	0.04417654	0.021744761	0.005864873	0.005081358	-0.004767757	0.035359475	0.062714448	0.031526713	0.045904925	0.089855018	0.037792163	0.033361604	0.009287713	0.069738567	0.065469801	0.1107		0.151739207	0.07958734	0.06292895	0.1017
0.073	0.027523303	0.017430725	0.029217311	-0.005199719	0.023731869	0.018386058	0.009020289	-0.005580681	-0.013646868	0.028462348	0.056493326	0.033958445	0.031214973	0.091567689	0.028397742	0.028491529	0.006136646	0.079338739	0.047944956	0.1334		0.167034069	0.049143571	0.058841044	0.1238
